0.0837243236858069289197183647768
-0.587319402562588104598413904757
1.51780987432398975183582658199
0.893331562734103249846014289879
0.893537510295770289642987399816
1.63902352494314879043558960156
0.939983983677345641442348797643
0.381667780885313523228170604454
1.37507645406364202783565803013
-1.38460066938589602370668094484
1.70148766288164011638892628102
-0.955837909291396677877041604702
1.59968845046728336893370417753
-1.13478458903980804393475681946
1.40888195833850082404695644729
0.436057261546315092130479424775
-0.519937562607588918263050547048
0.79920322770148874450752651759
0.373214840781329596205158019291
-1.90899780471272297451923533422
-0.948133224475438439442603008824
-1.36446616705372602543770962075
-1.72771936355210682157179439842
1.95980535903760321934461034299
0.0733442197428221968195845281313
-0.804169350647355827776279928196
0.119533080195441472033804858125
-0.295713510849356797122556978528
0.023129681097060994757104731829
-0.312892365637167217496231205586
0.594793767536017508468688926636
1.38843004425162812346866828998
-0.78825021345464143825128960394
-0.313527537005609187210217161172
0.27637684618776287102889725001
-1.80185564195742173610242777247
0.264611773090913756829864639075
0.368107692624659044695548481919
1.85373237310560102749458751587
1.75030266918421628740375327846
1.51492001843959980115331573015
-1.18299185965621970485164317529
-1.34936295787627452248092931642
-1.60859263138015514233379628882
1.58669895224067603158329349335
-1.12321051277127875972514757398
-1.64887253644686826126159636436
-1.48040261522321743022325063071
-0.868377787270381176540576792105
0.763621721455793698310123871311
-0.618587370052609844678782513232
1.21440433264250286042143187551
-0.143394324447821187841261592567
1.35407454664494678001331319085
-0.737719555393835414824000537581
-1.48931468666310525920837782962
1.28299173998253901692471686537
0.748407422424345307371693907978
-0.0392581191970233682392179372751
-0.134588659382760777112335116117
-0.11388983234692714429459960054
0.391981738997751797136845753812
-1.63695944093060431629645937969
-1.75964567742340365424479703994
-0.938697825111725550963896128039
0.298577816842150440187440524552
1.07279704978955891718205002219
-0.932432373350074681891224271079
-1.08883012385585471885068926047
0.343487723753656856128435769152
1.28193631152073861833052267472
-1.66807566803469788038479384729
-1.34185453483809921974583469873
0.943929492447191607517257146874
0.390241251588963686135464168581
0.884741143222711093266547952678
-1.64677263594767487397757591238
-0.388427707693906797556702709973
1.79470493184704548215184437705
1.08121155953713507490468433912
0.108359831235001347253483436011
-0.883532144454347554986506905768
1.89322648687805521913784524986
0.485226263607255516132629201028
1.48826150157790898993071716193
-1.46180953507726144694936706744
0.146133581626982973531208114475
0.0679304671694870521227954546647
1.67939644342372836218930634531
-1.09580866954397736797369311382
-1.43383696837051914257188095359
-0.258617899749262798943384982162
-1.32952099141887292329631293524
1.83871609502149381050807990838
-1.33727485954394759889689904737
1.69394373983743452592237341027
-0.0904589316173191682371655528946
-1.23855952736405775155708729456
-1.30996474916200464655634517903
-1.54465649026595059915294019904
1.80110392715571550304593004235
1.37323778895858443378083135028
1.83291969319967135185557125553
-1.79445299472256782266809834198
1.48153793714698233986077203689
-1.43374613702035919933536420227
-1.00101096318091373424955878512
0.642182057534208112573006320011
-0.0663861512797712264344039320082
0.0527459164740407350652175042266
-1.66004746083886792824136568391
0.117749332086714273722899848002
-0.396723254195014936820830256575
1.13939667799169967553825242203
-1.36728746923932590494818352685
0.784663082171799317281415639289
-1.01018133494433869814918739865
-0.338049541464026576971868055719
1.07272448682308148747035843027
1.13957794142881144352395275376
1.22048026989065253516378403179
-1.11691738079328653616881100285
-0.765159491695794576108909662579
1.71525047309144825790641191419
0.481553873321243531692642405776
1.34053649476621714972042622062
-1.76905803631946693496362051547
0.13980657532274935732841767737
1.27540053516396210337279375951
-0.921112218723620013223485280634
1.81788019129046861343827848941
-0.498114982851560779241063169232
-0.781490575323496479877992621514
-1.68344195940602567529600871126
-1.52737494899628540299205212402
-1.86536059432920435561935915153
-0.364728551899449865411296947855
-1.59077626433881253966560208812
0.828966858126042704282433089805
0.43565932634890246753398249775
1.43793455501067670496841630856
0.600706037775170343240462620462
0.603336684270797601109666086049
-1.90524427162181538260009872669
1.22513425814247505577637779876
0.769797206252575650142701930044
1.0344611748993808492890021162
0.322971968786041990052589813609
1.27255419800630328194139741688
0.514914699230356347261150256669
1.78656418684200311190812845358
0.907803022679370101950701615069
-1.61620506765602794286433151876
1.2900794130922697248571587136
-1.73038591519189230298340882645
-0.0292097894577049301540105981508
-1.54534701692587550961789087819
-1.77695404373812801163044616483
0.820608023311583867080397234044
-0.12042647207889456737454496061
1.176136917909033948963892637
0.460889779769357261674036792804
0.575872493772751822725677851907
-1.51332725902850317544126143393
-0.0375460491009744041185777337967
0.00679527451977009019278265993974
-0.877843971269457943896937757818
1.02181436898328085044159285162
0.192698535145107347028234713891
0.85760329623884314881008134265
-0.274581389110006018273871305036
0.791835133947899911710348816282
1.83936262988546289232567646109
0.325135225153907521012859938926
0.592198833804358809828003574153
-1.12119683125648256284591795802
1.34583096133048129731466339714
-1.56091326421533972130597896778
0.756494820188656991687482290681
-0.775767250127346645676371327262
-1.34982397742539249997277961911
-1.46964919970231935097443486634
1.9774893358757976306993329393
-1.51829317543540316444039743263
0.188819735052688029658370604828
-1.26834876303597508213297797591
-0.364669195411332356690277407461
1.45325345489879237064009112341
-0.746942358554195158525591082962
0.135472394490883027538031223806
0.756937637458037032502951707678
-0.336096150883123265173393839036
1.11076079848396529224745325711
0.408974819532834941406291766582
1.24112358808947807579960527723
1.25081854568379069544442747312
-1.21983219667184079159382188151
0.855730539591020382152703902193
-0.608236755381934446469448626247
0.0213655575035746672758971141923
