-1.41698619546827429197111160451
-1.37056989161126590159637926252
0.477696287500340964955206554717
-1.12340893653885612207989841506
1.07625646189837615565182367561
-0.703035983415556811663927089234
1.84004048368626984177579398568
0.320303034547038019942201587025
-0.327743719950954192499354626584
-1.94181927247428157285995683754
-1.43296824799637441256700900925
0.855229577655128903142190862066
1.09640090496129287194185786138
0.733313510593817971117754339285
0.343028453119812856422075056732
-1.3703380082592740702030913799
1.66896587567220432299543740392
-1.8495879189151130286463749471
1.72547080652212631626154417328
-1.43313164650740904029130006393
-0.33173246122746740801020262632
-0.43966582530055617800426076437
1.96062936371259953059052933085
-1.05809917160655977610156904976
0.843075548822607371053755114938
1.6988215001329480363950961523
1.28122068242075500909498673534
-0.491469341152368487160389106725
-1.06229320058024229502451225098
-0.354706858768159300860780522025
1.29910398898357141500878925946
1.77574159461369502299069095012
0.844930117107862316369980742689
0.7755199751558537604113106217
1.68174429635103995218802684557
-1.53060209652139371309968698165
0.545902951443833012583524974134
1.38304309552589142816778421941
1.71667444835088933603218964786
0.239799592207481016539243410283
1.46194557668872692126942472966
-0.466689677187420230538862107923
1.94047434079950473504885260455
-1.26151319602422609210016900183
-0.785848441584761517355995114966
0.993523388716229599560336878931
0.414677825536784044921022227638
0.623333963178214138393343145588
1.84984008482330649156332217433
1.99797651297119372683862017792
-1.25656221751876855784142393098
0.353762249953921624176743922163
1.3221587411424518706383429843
1.58458588825962136084728072483
1.46929959097623811607206318793
-1.57721544896058165841402421148
-1.39032078844325713822377324916
0.0000249503723346516761356369322098
1.97977571137242941098574854395
1.81789113080646911419053116338
-1.24431033638224056681460951642
-1.380472393692938391825988948
1.21780590315578756183590366551
-1.13209751740233728641128922358
-1.34261810174940063699263298708
-0.823875431363680699029701873772
0.944376431721320905589417129211
-0.102188767434580641486402868643
-0.342397011820731542090140397545
1.21903769444287525930042074472
1.85555894846418748969079615993
-0.887363802867794660195436011659
-0.940120465928429693954997204485
-0.267148235234085555699866019265
0.928801208956282303615166703839
-0.846851697178876781339299862015
-0.565911685883526364594602029063
0.204175464904890714667576321074
-0.679202593135274299300903765014
1.49985620144707773816830842833
0.370363920090587263106234181828
1.85363209885071852931149610163
-0.943899670992404001939331815865
1.37641619568189128906094056358
1.33316088678038811825928548592
0.765690626979470750472378791802
-0.727542582469996821226528138002
-0.884472746338188964228071203273
-0.478617766684496634563174961979
1.92454001895242345989403588312
-0.761419193718412278646927649738
-1.55663763825709487177794887024
1.39526811908139840164415372866
1.05129416525536985931698170382
0.378777608817498837467431064148
-0.951803341296702062692132615257
0.137842293702911133622083077983
-0.0740861873934564621471868461831
1.71615108944877181038069122144
-1.79384137528846566904621157336
1.00733775152662874484458890238
-1.06798969255283369552200288418
-0.705493710197186632281954268539
-1.35437416152943679710869427967
1.17624927401094139447873258252
0.168450437237832693687770697533
-1.41900382332874871083153691121
-0.37701998197386788995225311772
1.20732578084047998076247368364
-1.62931243241523757777347149558
1.77260743561028488330823698829
-0.791210004963456040363398669456
-0.502844208014667604763918235294
-0.704353594017826976792675560024
-1.71726340496016742841696030179
0.251197794250341902498977897623
1.53891373120218587260363586132
0.0445320615816155468793710455751
-0.0419359113772385127454640024756
1.68620002832282133400872996761
-0.158453642563330462330160826843
-0.793788407000660413517243045987
0.721969502557951117452635784476
1.52829133660912207032995668438
0.853186531232817652481559900803
0.141317189296135564738624237053
-0.97236046481622714946926467386
-0.0825693365284108875140987186007
0.894009460071574515585267459683
0.59840078490870054663614526134
0.417206328022756147294254297717
-1.83884012287667113914765180655
0.820586987537140371913442183007
-1.97253414438669080566182204286
-1.90453656875956104680841482815
-0.780039653802684046396365475053
0.0513085830510023867789946012719
-1.63064015194071889893289589245
0.12309180392610417165970323044
1.20572377743298754149238169118
-1.60135960575845944796036141571
-1.36879564715732721326783040546
-1.99547580917706984020831325167
-0.904478616711732496720853117733
-1.02864340001086892268950605662
-1.79990594819627629138234379969
-1.04231337151884826915172158757
-1.89964459047755362334301600085
1.79293607014023293891055769926
-0.217850007827964311787240312272
-1.74993653200331878032099685466
-1.69927308791953422695624433278
-1.6794960020920301665865937141
1.99502557447784170109738015687
1.65940209256942330367825090538
0.191019287574836299859838495159
0.999123312687566000058064471725
-1.17267793566144022080010142785
-1.54108812680014027723129749281
0.728509571966530826619085692308
0.0300168760906348579455657784438
-0.59756494916910377721315917989
1.94140024609555135429934225856
-0.806212061279122599404405309064
1.24912976563658625449960589765
1.45283752463800000311310864505
0.276286820650155984265788033547
-0.316662414462535597258326250431
0.379438896378588337942351022007
0.891533640520508142285014315683
1.21916499348167928406407370542
-0.533684402171110152013853964257
-1.89502256545694790055055995667
-0.588500294696139467464350201865
-0.627369034553606812391607596574
1.78429281621552276836671404541
-1.93272157243309062174517522049
1.23416441297655329010652752015
-0.964911652214798764030107845779
1.36674350467871227397702879561
-1.48260692168444609006926093623
-1.21483408852829376814578988622
-1.44544723451399994123705128106
0.546983401631041046965342217787
-0.199925469251047328513694601715
-0.199435540283675686351984021711
1.28163613354407276423679667938
-0.885039404370916188024001933128
0.458626403431368830682441836179
-0.703364736767953774102502582939
-1.34205559438750791722369908301
1.66358081025641217413682287899
-1.99001722807681295070874501356
-0.521491133691549378516707864678
-1.16592479430140665078309808359
-0.187547277935545725090989990883
1.51788514146642253412035776044
0.540168022310680296626718757076
-1.01583212038228250395420462107
1.39905902147697880166798861108
