-0.110855449078398684430842144323
-0.156617834058535709645919249916
0.43554647241198253817927124509
-0.030876326128467287589945305716
-0.04080011217938791118922501481
5.679822668977121675023992068
-0.007329490833640858197636649439
2.5909678271835102206579430276
-9.671277005001914413405892547
-0.113537198519971852306452288332
0.26769524553022554533302571611
0.83114604486187085008280707742
0.128993421438306558172623725203
0.830883670794020308284451273449
0.63410575687435645010121805322
-0.085103571747739619873629175322
-2.4443843629590132521404155626
-0.021179045733049770189179674644
-0.132250593363750147551759149729
-0.186988342405327994632500372149
-1.03034201914919531939582045312
-0.76713523990116824768974248574
0.72546732106843829811695574755
3.691395741267134968311884674
5.2602740076616942520649997363
4.0324023993481196298123561304
-0.68591687200105435320764950787
-0.590070032631676722418799318625
-0.180385012508769553176158954974
-0.8878259680065363257164243922
-0.13957394194994062960157546863
0.040429776137243010161036087764
0.89744615167117169558417942012
1.25926694882000293914819520368
-0.17963545516413817192694498999
-0.169008718254144950441792016779
2.84371294111783379875217356345
-0.24329894149127599164211775078
0.07739126281360781264683594844
1.26406087728522865478320160907
0.071267482660045646035408783205
-0.706139057009511279717253938116
1.18439668568705456927001094295
-0.213723174267956108596249350453
1.4995374296470582000904608944
0.75668787162119999983581633569
1.14363969231609723129601521004
0.857103803295934525895046208242
21.79388192959974486444109667
-0.026863977304017817506455392446
-0.179205649359900199150522690135
0.42668401652874662835472949102
-1.9350462370374161180930006598
0.046103847287325058884256519596
1.76244067660031873352170402
-0.155247557190636366420747536243
0.07352618648393271125337053165
16033.4149113106139163615995296
-0.2232546443416254095865708916
-0.36535711338475263648997293568
-0.151842328884534056992170629138
-0.088598288772283396302995268429
0.61031772383200496924320006044
-0.250544748011526477115077072109
-0.176023061279376622265188586607
-0.223266387261937731966792669039
0.03031332677571579033962823016
-3.71772774190073689389141830145
-1.00370852558023966984300803428
-0.38295130756342962851168561315
0.028433550200381683947273669879
-0.338269728629486255964434840318
-0.303599555056621939093118330533
-0.25974406467347051082735089196
-0.82308895369530674192270817766
-0.05658508309688486928661476202
-0.582317593159240114843374226487
2.29686512841557815244345686591
-4.0520592419377102658121424886
0.01369864892422020034407385454
1.84736625902521618723792444778
13.59369856877304654413084933
7.469947589884097024519440483
-0.17361990202213239849048218452
0.080430216866858684873278098576
0.758236722910087147568002499919
-0.296857004825208463624385667361
-0.232048271527595375392532022403
-2.8279834061440590190513697146
2.5433539379483219949929297369
-0.400149218916080533591067815398
-0.114881089756068605375569380022
0.7148328575779112484550511179
0.168844357837970265596982503274
1.26026685570979404984924007402
1.1309768657254602945354286174
3.32176306444862929965294823859
-5.22615500907662830715698535901
0.90669169932415776012254124262
-0.130787347045284240472566207957
0.175901375042283066067460957307
0.20120964402974332868166046155
-3.7060560485356517112981897794
-0.198926571755783692829958607122
0.098778481579605043356256106333
2.55116309242975108460010810205
-0.164929335815490340792687839201
-0.51661400486620079875402479106
-2.5067838470104549873008138233
-0.090256969523799090589186324441
0.67639096484476657615979712745
-0.266529144997900576418541085334
-0.584900753890515018081065054705
0.14012200755949830788954799711
-0.134998755751604874703922695975
-9.561846401601140346051247736
1.10869826159515467552881651605
9.29152675946963524299340203097
-22.53019631011169803290782634
0.018135090425810119201104330827
-8.973240930576913692754387719
-0.366488911072251925872702100813
0.93747928569456294388952494827
0.083440678430184157767118233093
-0.72612518142134436178747632253
2.00038448701860502317341196834
-0.304458755232459663566408166657
-4.4201285003740870398652386723
0.10536972710447689068372095383
0.97085744053162106023380071849
0.63489427753913020017222568671
-0.097658669601717861463572839656
0.90373079159771060766191452584
-0.116873735576246817422210196838
-0.119770336774770990016316833964
-0.403067123147539123657982694112
8.10051504273568247251795146968
-0.150547509106801536020104556041
11.593137279298587767238432459
-0.29190128252171203695484853932
0.0940246933442314836837848437
-0.065994819773287220386721055193
-0.033239090169497863986824766366
-0.337249219963072804562365300227
0.10895468532093166380722743501
-0.025200053786520651756758866989
0.01312184536085927428226432149
-0.055326735195774640922246645653
0.029439125803857066993508153234
-1.26708330159524426331196074609
0.18662838036436893660952831853
-0.012114456622569314438597272874
-0.145050338807406635667297807251
0.025452021054934733339780550577
0.61453904624694161232183129634
2.57124786155109054999768632632
0.659045761981083968601535819427
-0.239824362926234004579268307626
-0.027063619419732575385922879271
1.56969074919426535830314382045
11.3855380671974016555628693696
-0.317479777975790122217414536397
-0.057594060044071099914079802915
-0.375648729632596799595446421905
-1.570281714917104070583215212
-0.59493662831984943213426045145
1.69752776303851311373660174501
0.0934561474501564617436571715
1.98906781175106034953582388953
-0.0852827078864956124954200521
7.546173825764622962571858769
-0.21031354319257660610686911545
0.16783061872557181387372157187
-0.363079059664904206323828782585
-0.25117338241460081236099702132
1.4114602351418414645005544333
0.045103223159680748160611526078
0.625594787083021305977984024923
-0.083534115482985114881221868198
1.27060480579534514151033547405
-0.165422647033539608655597259696
-0.220699677701141136549846984293
0.5780467912353504560562518606
0.93419439435853303501320515516
-1.6051390859638497179043019722
-1.84357185256941004357549885975
5.1294592457151544849648353745
0.47442766006629082206331986376
1.18265242777448735473775938389
-0.3135754301012672188335450479
-0.045703095231934667059784182479
-0.98098607201205665845308898784
0.011846858146197076985201129304
-0.40748596812572487582642755581
0.08945008620056958577131148438
-8.454780462023048876107206007
0.83336809811731228178805362207
-0.26984949149908011051431780889
-0.241330828417538576844783620078
-0.66551270922300230349814133421
