-1.28373231190463946173556740951
-0.704759006711143182270616689033
2.1731420280413267126646136391
-12.174609715111283044938727047
-12.936431615856348444174509722
8.335300409351140216841624171
-22.441007846161447091458179166
-0.81418768149186983955115876874
-4.895980403639325736597529892
-0.466688040220633039461063465186
2.4475585404663526570628582994
-0.31828437799424906008372673869
1.9875400775278832914819671323
-0.33916073571336373974544417393
2.7289465668098860973329695742
-2.15751102259952393461200968809
-3.5612827495705183955652127273
-6.4451276352559624922886943243
-2.49132872462114759253562572031
-0.366227303636450540494220402214
-0.508966957165815452238211657699
-0.421257956169526161743104367924
0.0326423604851394417676407426
5.458602684291545483152522061
3.3469548549868036460639905098
3.0579161307043479212467460046
-2.51246715396584591184184927541
-0.80521812455144433386073837322
-1.16874424267580286856059132664
-0.775703629440088648648345440625
-3.7379839615702246390933968193
3.2477933075853282345656237008
-0.32157359578494801176261287825
-0.27159435216951486077856555552
-2.26006344167146656812907775317
-0.383548752030771601160211932562
0.2978806924916905292714237496
-2.64258044451826465361834466119
1.40615228817979158370316122348
1.37306195585712946813421120638
2.3870583940812894554339158564
-0.459821011392233311593224199381
0.41073178639142827300054143152
-0.407774949565555083059785570448
4.2811436358064677809399551084
-0.27389947036420595952454401786
-0.324323386914834754812153656171
-0.322153918829765311226732332695
20.86401547349660725280405692
-5.86774274512013140051262506
-0.684640388084671281870056705668
5.5147609241565976128088929305
-3.4037003218698091359132253679
3.5593573146366906058019036591
0.7229129855943242843631898642
-0.437258693547482521857067554811
5.0727922977026698985704825605
-3.7095437015407696031580552783
-1.70826421546138099654577812042
-1.76056121556795402184832957728
-1.02738558228039199092420381567
-1.99175899677507088417054389972
-0.22377469948565772786528268956
-0.380372108890209199959957401413
-0.565844543035518686211522440016
-1.63865596186916243631190998396
17.922513971801243711200588878
-0.493379913770690318715410567448
-0.473789860713422742837271722961
-2.74201332941086515484636069302
4.5420655392528721676504033249
-0.387232278649219837807785175689
-0.447471507127697817825093045744
-22.542031809733112156253740288
-3.440408774897908900292471171
-11.152411151895201329514958879
-0.379251692735421922775184158121
-0.622552995107621686592039065484
-1.7853617795360460258743293818
16.165030412851580698472683242
-0.72802409148612244313633753628
12.67001614286698715150506585
9.386437291016047505578021387
-3.05436440753013619379377483434
2.5111685236881828500103616988
-0.305774500766089888104835242637
-1.30858550866485556651884004823
-1.21030987667464410666114707779
-0.029717212875605188740569091
1.6993216768128840038702512147
-0.4226462376351743889623206379
-0.917280061983101940296325623555
-0.14421412724785039923343364771
1.37809236279454606347054627429
-0.366226703616128519454285838843
3.4726170937497406396206152855
-0.802830687161862931885696959728
-0.422659045881051877347284229366
0.09640260282619601848895773345
-0.431775991393030703707739456074
1.44318508312975897831626181194
4.1480879080309829782341098795
-1.5382826327767680697335882779
-0.380722927354622846731852042615
2.5276206134427663204066268736
-0.371274875881173929446509439685
-0.549371290542346018590892260817
-3.1819520359577250189292131378
-4.0884234042155241554348613206
-1.25233192593946168352632135327
-0.05050950467910617466775936297
-1.27226064883745928967963480004
-0.744041007303925210683568050833
10.273048063915330315481308084
-0.46530255606003353717875120798
-17.346064465156646796435410803
0.18548458226818009863964020623
-0.687240989961600164223455981399
5.34220363088759549013582687
9.333523119827178580839213016
-0.401438993878427764498342966
-0.49242294190964188269067534576
-0.37192213104286845662111552884
1.68585930765756564354996994834
-3.7667434620859893348381354512
3.0852629197277479767194465098
-0.374600193630053822893762424171
-1.12575407798596181575816631554
4.4993805104955330067185382645
-0.39163327969702473057122833162
1.30636667142255519282961300747
-0.770137583916852699454300657042
-0.33216207467399007389060886822
-0.410963201742312534256967586783
-0.437302089874737585554454122255
-0.355600965599451428554139689981
-0.672446827048467906440709766939
-0.419891341133136636932506622836
0.547770136898611361835903189
-2.98629131129199821064025688183
3.3884073823825911206019546587
-3.1129945075223351148035747154
-3.194158579176541438710547061
-0.353945668327568171441820303198
6.420208382387771672822904284
-5.5949607980920491260965421126
39.08776796336565823373858323
-1.81415265466570241794409274338
4.6983347612080698496923207438
-2.17961505839199747037538338745
2.1103441801819298931543761233
-14.238509779496791787830102782
-0.416527696042011230581218189715
4.4213958058396549150936259846
-0.11484308949912793348324212911
-0.818273793417053037940913617357
-0.26513687285954248117192162756
-0.378867124887462448504063331288
-7.200020506049476179742168638
-0.16939853015596311293700405115
5.6295696536325357718902428917
-2.12130748598263966999712632069
-3.4073396194733552841180846657
-0.410006612946088750653458652402
-3.1755881743524418425871193505
-2.21271560168565349833763687879
-0.460277210429654926462977396342
62.47842344996789611464830176
-0.71671322697814953862057889701
-9.897460398611251734196279062
6.171985325519025380803257864
-5.8659864122339296398579739095
1.9674168043652783807978522065
-1.65908970427132811415397847936
-2.88315735305734021021742986717
0.5587058245330881546796161576
4.1075133939868840826985485002
-0.21915873450864008631542000629
-5.1445734867607503093332754328
0.22708918185764053467728734188
-0.463045990802343496051627062745
-0.431324352326304583231191364599
2.2188165021779269583782288355
-0.326548359716009841714566826769
-1.24808897862495808022861265231
-0.42571036720646523339298829644
3.8403204228093425243403942053
3.8680797422867301541910735738
-0.452755467288765929517127449537
-1.28714852642322331257364901083
-5.2332135069940711467416628515
-2.2193634312182054940487039727
12.2508035669252213478531969
-1.89642176153325401472004162867
5.9621931561232820989910835621
-1.006056897323093740814702935
-0.03080245431679419631242907634
-10.252325026273351270749554958
-0.676630304926654845225135122348
-2.31386184130509114744472358506
